[gd_scene load_steps=16 format=3 uid="uid://yd8vw7rcf53q"]

[ext_resource type="Script" path="res://scripts/map.gd" id="1_1acjj"]
[ext_resource type="PackedScene" uid="uid://cnyyf71he22r1" path="res://scenes/png.tscn" id="1_2vbu7"]
[ext_resource type="PackedScene" uid="uid://gk345cw7fe6d" path="res://scenes/character.tscn" id="1_8t06m"]
[ext_resource type="PackedScene" uid="uid://do3tcpmsb6xp1" path="res://scenes/dialogBox.tscn" id="6_8hwvt"]
[ext_resource type="Script" path="res://scripts/dialogBox.gd" id="7_v4erb"]
[ext_resource type="PackedScene" uid="uid://dsorry3paxo5e" path="res://scenes/npcs/business_shirt.tscn" id="8_h2rts"]
[ext_resource type="PackedScene" uid="uid://b013fyrgscynu" path="res://scenes/polygon_city.tscn" id="8_lojno"]

[sub_resource type="Gradient" id="Gradient_aufgv"]
colors = PackedColorArray(0.137255, 0.137255, 0.529412, 1, 0.0509804, 0.0509804, 0.0509804, 1)

[sub_resource type="GradientTexture2D" id="GradientTexture2D_ydrpk"]
gradient = SubResource("Gradient_aufgv")
fill_from = Vector2(0.982051, 0.574359)

[sub_resource type="PhysicalSkyMaterial" id="PhysicalSkyMaterial_3vo0y"]
night_sky = SubResource("GradientTexture2D_ydrpk")

[sub_resource type="Sky" id="Sky_gj8w5"]
sky_material = SubResource("PhysicalSkyMaterial_3vo0y")

[sub_resource type="Environment" id="Environment_m0pa7"]
background_mode = 2
sky = SubResource("Sky_gj8w5")

[sub_resource type="BoxShape3D" id="BoxShape3D_y7pwh"]
size = Vector3(554.989, 0.001, 470.617)

[sub_resource type="BoxMesh" id="BoxMesh_am6a4"]
size = Vector3(2.08165e-12, 1, 2.08165e-12)

[sub_resource type="Curve3D" id="Curve3D_u2hic"]
_data = {
"points": PackedVector3Array(0, 0, 0, 0, 0, 0, 682.197, 10.0943, 470.219, 0, 0, 0, 1, 2, -91, -509.71, 30.1137, 446.186),
"tilts": PackedFloat32Array(0, 0)
}
point_count = 2

[node name="Map" type="StaticBody3D"]
script = ExtResource("1_1acjj")

[node name="IdCanvas" type="CanvasLayer" parent="."]
follow_viewport_enabled = true

[node name="DirectionalLight3D" type="DirectionalLight3D" parent="."]
transform = Transform3D(-0.730429, -0.116478, 0.672983, 0.537614, 0.509673, 0.671717, -0.421242, 0.852447, -0.30966, -966.258, 552.687, 1619.18)
shadow_enabled = true

[node name="Png" parent="." instance=ExtResource("1_2vbu7")]
transform = Transform3D(1, 0, 0, 0, 1, 0, 0, 0, 1, 11.734, 0, -51.044)
visible = false

[node name="WorldEnvironment" type="WorldEnvironment" parent="."]
environment = SubResource("Environment_m0pa7")

[node name="CollisionShape3D" type="CollisionShape3D" parent="."]
transform = Transform3D(1, 0, 0, 0, 1, 0, 0, 0, 1, -94.4428, 0.0263386, 133.518)
shape = SubResource("BoxShape3D_y7pwh")

[node name="MeshInstance3D" type="MeshInstance3D" parent="CollisionShape3D"]
mesh = SubResource("BoxMesh_am6a4")
skeleton = NodePath("../..")

[node name="Path3D" type="Path3D" parent="."]
transform = Transform3D(0.999862, -0.0165389, 0.00169087, 0.0165571, 0.999798, -0.0113611, -0.00150262, 0.0113875, 0.999934, 100.95, -12.2206, -1.91742)
curve = SubResource("Curve3D_u2hic")

[node name="PathFollow3D" type="PathFollow3D" parent="Path3D"]
transform = Transform3D(0.020159, 0.0167862, 0.999615, 0, 0.999817, -0.0167896, -0.999776, 0.000338469, 0.0201557, 682.197, 10.0943, 470.219)

[node name="group" parent="Path3D/PathFollow3D" instance=ExtResource("8_h2rts")]
transform = Transform3D(139.479, 2.17698, 3.10289, -2.17198, 139.513, -0.269983, -3.10675, 0.22167, 139.496, 7.37579, -14.6518, -57.4089)

[node name="Control" parent="." instance=ExtResource("6_8hwvt")]
offset_left = 0.0
offset_top = 0.0
offset_right = 0.0
offset_bottom = 0.0
script = ExtResource("7_v4erb")

[node name="business_shirt3" parent="." instance=ExtResource("8_h2rts")]
transform = Transform3D(1, 0, 0, 0, 1, 0, 0, 0, 1, -86, 0, 77)

[node name="POLYGON_City_Demo_Scene" parent="." instance=ExtResource("8_lojno")]
transform = Transform3D(1, 0, 0, 0, 1, 0, 0, 0, 1, -85.8437, 0.0268386, 78.6372)

[node name="Character" parent="." instance=ExtResource("1_8t06m")]
transform = Transform3D(1, 0, 0, 0, 1, 0, 0, 0, 1, -22.641, 1.45302, 0)
